"bossid"	"jobid"	"lat"	"lng"
10011942	5696474	39.9331	116.453
10015344	5501821	39.9323	116.454
10016796	5557710	39.9331	116.453
10016968	5618801	39.8988	116.452
10016968	5651331	39.8988	116.452
10018510	5503260	39.9239	116.439
10020690	5611766	39.9309	116.447
10021146	5504258	39.9331	116.453
10021146	5510091	39.9331	116.453
10021146	5516723	39.9331	116.453
10023645	5505775	39.9318	116.479
10028335	5700018	39.9076	116.471
10033623	5511902	39.9162	116.453
10047368	5820663	39.922	116.439
10051724	5521332	39.9076	116.471
10065288	5548155	39.9342	116.463
10077932	6153484	39.8939	116.48
10082908	5538248	39.8913	116.482
10082908	6034038	39.8913	116.482
10083004	5550871	39.9246	116.447
10083088	5588311	39.9319	116.455
10089003	5854609	39.9324	116.453
10089003	5916649	39.9324	116.453
10098123	5552895	39.9268	116.461
10101299	5771987	39.9294	116.444
10115511	5556397	39.8996	116.458
10121201	5555539	39.916	116.453
10121201	5631809	39.916	116.453
10142097	5562757	39.894	116.48
10142097	5817365	39.894	116.48
10154792	6094089	39.8919	116.463
10163505	6113586	39.8938	116.474
10163972	5613376	39.9007	116.486
10201458	5585992	39.9265	116.478
10208210	5650645	39.9063	116.459
10218537	5589709	39.907	116.43
10231899	5594284	39.8908	116.47
10263467	5605262	39.9114	116.494
10272356	5914094	39.922	116.461
10295226	5616112	39.9317	116.455
10301956	5704102	39.9328	116.458
1031571	177394	39.884	116.462
10318366	5624698	39.8937	116.476
10324964	5627657	39.8937	116.479
10326259	5628418	39.8921	116.478
10344855	6060519	39.8913	116.469
10344855	6110434	39.8913	116.469
10348310	5637737	39.9008	116.476
10350438	5755693	39.9141	116.46
10351795	5639618	39.8998	116.458
10368212	5645535	39.8933	116.433
10376946	5649150	39.894	116.48
10376946	5814755	39.894	116.48
10418054	5681503	39.907	116.479
10430507	5669104	39.9327	116.459
10430507	5708584	39.9327	116.459
10436902	5671686	39.9171	116.452
10445602	5674824	39.917	116.451
10450347	6127660	39.9222	116.45
10476617	5697950	39.8955	116.46
10476617	5716283	39.8955	116.46
10476617	5716310	39.8955	116.46
10477518	5696117	39.9113	116.482
10477521	6165807	39.9326	116.455
1048615	5458236	39.8941	116.48
10490508	5693729	39.9331	116.453
10502496	5699601	39.9028	116.428
10502496	5775236	39.9028	116.428
10505167	6087637	39.9076	116.471
10514096	5728584	39.8991	116.461
10515174	5704567	39.9323	116.454
10517430	5755785	39.8932	116.454
10529915	5723109	39.9146	116.471
10553340	5726093	39.9215	116.443
10553340	5909534	39.9215	116.443
10558440	5723022	39.8991	116.461
10560629	5722711	39.8935	116.462
10560955	5726794	39.9165	116.452
10568784	5730939	39.9246	116.467
10569994	5728756	39.8991	116.461
10574158	5729710	39.8935	116.462
10576491	5730465	39.894	116.481
10583953	5733813	39.9321	116.454
10584180	5734946	39.9118	116.482
10587806	5735737	39.9328	116.458
10588573	5746570	39.91	116.44
10593225	6113335	39.8865	116.478
10595361	5808428	39.9076	116.471
10599197	5740607	39.917	116.452
10603872	6137022	39.9317	116.444
10609988	5746455	39.9101	116.479
10610878	5978308	39.916	116.453
10614389	5747985	39.9076	116.471
10614516	5748052	39.9076	116.471
10623880	5801666	39.8991	116.461
10624028	5752908	39.9114	116.495
10635629	5772196	39.8848	116.467
10635629	6043010	39.8848	116.467
10642643	5768060	39.8951	116.465
10642643	5772563	39.8951	116.465
10653082	5765676	39.8955	116.461
10654084	5766249	39.8999	116.469
10657126	5767658	39.9233	116.482
10660220	5768836	39.9146	116.495
10665894	6191815	39.9318	116.455
10670230	5773777	39.9229	116.441
10671781	5813042	39.8998	116.469
10695873	5785682	39.9285	116.479
10706004	5791699	39.9095	116.45
10706367	5910056	39.9075	116.459
10709350	5792844	39.9322	116.455
10733426	5805980	39.9226	116.449
10733564	5806039	39.8848	116.467
10734337	5805763	39.8865	116.468
10734876	5903571	39.894	116.48
10754900	5815398	39.9114	116.495
10754900	5818759	39.9114	116.495
10760125	5817817	39.9243	116.443
10760125	5908308	39.9243	116.443
10761264	5818308	39.9294	116.479
10763702	5827094	39.8943	116.482
10769623	5821917	39.9076	116.471
10769939	5836582	39.9321	116.459
10774541	5917761	39.9093	116.473
10783554	6138739	39.8851	116.467
10786604	5829900	39.8991	116.461
10788873	5830769	39.9076	116.471
10803444	5870699	39.8991	116.461
10811255	5941373	39.9184	116.452
10811255	5985802	39.9184	116.452
10815172	5844672	39.917	116.452
10815172	5933012	39.917	116.452
10828063	5855394	39.8875	116.462
10829583	5898634	39.9271	116.446
10832964	5873081	39.8818	116.46
10840818	5874587	39.9001	116.483
10849153	5863472	39.9283	116.455
10852872	5975700	39.9045	116.434
10853893	6175564	39.8991	116.462
10853893	6175579	39.8991	116.462
10853893	6175644	39.8991	116.462
10856928	5867906	39.9314	116.457
10864274	5920583	39.9342	116.463
10871283	5875352	39.9222	116.44
10871292	5875380	39.9222	116.44
10875856	5909837	39.8873	116.462
10877996	5881155	39.9151	116.451
10888453	5886144	39.8852	116.462
10888453	6008603	39.8852	116.462
10888528	5892260	39.9275	116.44
10891681	5886713	39.8991	116.461
10892155	5956491	39.8895	116.44
10898076	5890471	39.894	116.48
10904260	5893484	39.9115	116.461
10906282	6101658	39.9315	116.455
10906513	5894800	39.9283	116.46
10925123	5905893	39.9065	116.46
10925176	6006810	39.9218	116.438
10932416	5909047	39.8914	116.465
1093378	319330	39.8976	116.46
1093873	1811568	39.8942	116.479
10939868	5914068	39.8895	116.46
10948256	5917794	39.9133	116.477
10950786	5919159	39.8952	116.461
10954009	5921073	39.9182	116.463
10954009	6006457	39.9182	116.463
10954918	5921432	39.8895	116.46
10960935	5924040	39.8936	116.481
10961267	5924223	39.8936	116.481
10965084	5926302	39.8957	116.436
10965447	5946768	39.9078	116.473
10994303	6091377	39.92	116.442
10995663	5941015	39.9178	116.452
10997438	5942368	39.9093	116.473
11016242	6003048	39.9005	116.492
11025094	5962246	39.9069	116.43
11033918	5959552	39.9189	116.451
11040646	5969151	39.8921	116.478
11044222	5965850	39.9064	116.46
1104522	370999	39.9153	116.437
1104522	3564814	39.9153	116.437
11047889	5967035	39.9109	116.472
11053633	5969764	39.9307	116.467
11055837	5971038	39.9325	116.459
11065532	5977827	39.8914	116.465
11066942	5976017	39.907	116.479
11067817	5976717	39.8941	116.46
11069688	5977495	39.894	116.48
11071307	5989242	39.894	116.449
11079620	5982344	39.8914	116.465
11079620	6062313	39.8914	116.465
11079964	5982545	39.9046	116.455
11084494	5985503	39.8818	116.46
11087965	5987228	39.8938	116.481
11088842	5987548	39.894	116.478
11090154	5988993	39.9159	116.495
11093065	6124619	39.8941	116.481
11095221	5992244	39.9172	116.459
11099137	6099589	39.8941	116.477
11099938	5994834	39.9174	116.44
11108219	6000005	39.8956	116.431
1111705	209653	39.9055	116.428
1111705	310467	39.9055	116.428
11118491	6028642	39.9323	116.446
11118491	6050146	39.9323	116.446
11125875	6010644	39.8979	116.46
11126189	6022340	39.9091	116.481
11134653	6016449	39.9318	116.455
11145307	6071701	39.8941	116.481
11163959	6031776	39.9174	116.459
11166116	6033004	39.8913	116.469
11168512	6034650	39.8941	116.477
11168693	6034769	39.8957	116.436
11172502	6037845	39.9073	116.476
11173904	6038447	39.9068	116.442
11181976	6043675	39.9133	116.473
11182082	6043737	39.9091	116.474
11190293	6048923	39.9234	116.449
11194355	6052502	39.9246	116.467
11202590	6058424	39.9189	116.453
11209712	6063834	39.9093	116.474
11212824	6069094	39.904	116.427
11214361	6067949	39.9297	116.479
11215651	6069045	39.8988	116.433
11217542	6105624	39.9148	116.437
11230589	6079634	39.9209	116.434
11231570	6080335	39.9054	116.454
11241666	6085931	39.9157	116.492
11253947	6093869	39.8914	116.465
11253947	6144286	39.8914	116.465
11255785	6095169	39.9042	116.435
11263794	6099883	39.9318	116.455
11265620	6101365	39.9077	116.479
11270079	6104733	39.9326	116.455
11270312	6104923	39.894	116.478
11270312	6140991	39.894	116.478
11270932	6107356	39.9206	116.433
11273954	6107065	39.894	116.48
11282406	6113889	39.9176	116.437
11282434	6113854	39.9053	116.459
11300494	6169924	39.9247	116.438
1131690	3961412	39.93	116.445
11326110	6143765	39.9323	116.454
11330972	6151677	39.9186	116.46
11331038	6148124	39.9245	116.435
11336151	6150786	39.9073	116.477
11344459	6166201	39.9248	116.442
11347714	6158981	39.9075	116.459
11350166	6161563	39.9256	116.443
11353606	6163545	39.8847	116.473
1135819	3587665	39.907	116.445
11379185	6199003	39.8847	116.473
11383485	6179163	39.8897	116.463
11383506	6179675	39.8897	116.463
11386013	6196945	39.9076	116.445
11401793	6188041	39.9216	116.439
11417275	6194676	39.8991	116.461
1145787	5414850	39.9246	116.467
1202698	234749	39.8959	116.431
1223279	5220777	39.9329	116.456
1229940	4488229	39.8898	116.461
1263238	250508	39.8965	116.462
1263238	2970900	39.8965	116.462
1272861	260736	39.9208	116.461
1275993	2859928	39.894	116.481
1293627	4248906	39.9217	116.439
1317215	5394316	39.9314	116.456
1333560	270564	39.8953	116.461
1333560	1543721	39.8953	116.461
1345956	274341	39.9322	116.457
1368920	5958428	39.895	116.461
1374755	5068129	39.9091	116.474
1374755	5466328	39.9091	116.474
1377515	5020437	39.9091	116.473
1377515	5184091	39.9091	116.473
1387319	3362553	39.9216	116.439
1389545	4550755	39.9342	116.463
1389545	4578485	39.9342	116.463
1393585	4161459	39.9118	116.432
1393585	5174530	39.9118	116.432
1394432	292663	39.9252	116.456
1397233	1081668	39.9285	116.482
1509808	2744883	39.9125	116.47
1510131	330080	39.9125	116.433
1510131	3567797	39.9125	116.433
1515024	333581	39.9102	116.479
1557994	4999985	39.9109	116.459
1563970	4703113	39.8943	116.48
1571251	3586593	39.9325	116.455
1583087	1285011	39.9171	116.452
1596961	774283	39.8926	116.461
1613468	386564	39.9222	116.44
1616671	5499255	39.9173	116.452
1618262	5723497	39.91	116.44
1645440	3002744	39.9286	116.449
1709996	2445572	39.9121	116.461
1715881	4415975	39.9093	116.475
1715881	4864599	39.9093	116.475
1721234	4232056	39.9074	116.46
1721234	4267495	39.9074	116.46
1754371	4660902	39.9161	116.493
1798412	5574878	39.9165	116.452
1804026	5924275	39.9177	116.452
1838306	5795255	39.9299	116.471
1838306	6069396	39.9299	116.471
1838471	6157748	39.9323	116.454
1839855	5312120	39.9001	116.483
1845306	3132468	39.8936	116.482
1845306	3962010	39.8936	116.482
1866038	5385578	39.9244	116.467
1876404	460685	39.9265	116.478
1925738	484287	39.9219	116.44
1932893	1762453	39.9193	116.449
1984406	5698688	39.8955	116.46
1986590	5257717	39.896	116.442
1987122	2904747	39.9323	116.454
1996619	4894879	39.8938	116.479
1999493	604688	39.9349	116.454
2015927	816183	39.916	116.492
2016755	5842967	39.9091	116.481
2017075	4045669	39.9065	116.472
2017397	729261	39.9091	116.474
2017397	1449671	39.9091	116.474
2017397	2051930	39.9091	116.474
2017397	3077561	39.9091	116.474
2022448	3548817	39.9108	116.437
2024658	564480	39.9344	116.465
2039233	2016244	39.8932	116.479
2042710	3343987	39.9039	116.427
2046646	710615	39.9346	116.455
2046646	743417	39.9346	116.455
2046646	2616250	39.9346	116.455
2047737	5131860	39.9197	116.443
2055327	597518	39.8941	116.48
2055327	5920351	39.8941	116.48
2056021	598352	39.9171	116.478
2056021	1928785	39.9171	116.478
2056021	2582752	39.9171	116.478
2056021	2631844	39.9171	116.478
2085974	3740459	39.9192	116.449
2086256	2856541	39.9101	116.479
2094995	863343	39.9225	116.448
2096957	5533369	39.9148	116.471
2096965	2597583	39.9228	116.44
2103673	5550313	39.9093	116.481
2104477	1767173	39.9215	116.438
2111347	6109654	39.894	116.479
2122822	5433488	39.9321	116.46
2124920	670628	39.9039	116.427
2124920	2473443	39.9039	116.427
2124920	2473464	39.9039	116.427
2124920	2473476	39.9039	116.427
2124920	2473496	39.9039	116.427
2124920	2473685	39.9039	116.427
2128962	5357194	39.8938	116.48
2129062	5497023	39.8944	116.462
2133383	681102	39.9143	116.478
2141988	690351	39.9092	116.473
2151077	4483722	39.8939	116.48
2156755	759162	39.916	116.492
2164647	5747388	39.9324	116.453
2166746	711018	39.9314	116.451
2166746	1199580	39.9314	116.451
2166746	2938364	39.9314	116.451
2170515	4467159	39.9073	116.472
2174929	719343	39.9077	116.438
2175026	6020191	39.9064	116.439
2175026	6044022	39.9064	116.439
2180648	1902557	39.9099	116.459
2185669	6140075	39.9143	116.478
2189964	3521174	39.8958	116.431
2189964	4725895	39.8958	116.431
2195000	748023	39.9282	116.451
21988	2941577	39.9343	116.463
21988	4430372	39.9343	116.463
21988	4434865	39.9343	116.463
21988	5158443	39.9343	116.463
2200885	748457	39.916	116.492
2200885	2194682	39.916	116.492
2207248	755094	39.9296	116.471
2208356	3726684	39.8928	116.459
2212341	1258686	39.9177	116.461
2213110	904293	39.9212	116.44
2213110	1510436	39.9212	116.44
2213110	1799014	39.9212	116.44
2213158	3139647	39.9222	116.439
2213926	788362	39.8967	116.461
2213926	3182976	39.8967	116.461
2213926	3188353	39.8967	116.461
2213926	5086129	39.8967	116.461
2213926	5155903	39.8967	116.461
2213926	5288262	39.8967	116.461
2216774	4368309	39.9292	116.464
2216774	4760593	39.9292	116.464
2217078	764406	39.9201	116.444
2231696	994341	39.8942	116.479
2231696	1201185	39.8942	116.479
22351	5651269	39.9127	116.456
2243175	5711485	39.9265	116.446
2248266	2054944	39.9216	116.439
2248266	2889307	39.9216	116.439
2248266	4552127	39.9216	116.439
2250518	3865400	39.9329	116.453
2259410	5767325	39.8914	116.465
2262506	3635942	39.9247	116.438
2263553	4434679	39.894	116.478
2264304	4618200	39.9238	116.451
2278489	3510457	39.8938	116.479
2280642	834246	39.9108	116.477
2280642	5825603	39.9108	116.477
2280642	6133663	39.9108	116.477
2280642	6170655	39.9108	116.477
2282218	836165	39.8892	116.463
2282218	4678136	39.8892	116.463
2282218	4717755	39.8892	116.463
2290743	4971211	39.8995	116.493
2303440	1832231	39.8818	116.46
2303440	5150228	39.8818	116.46
2303440	5150250	39.8818	116.46
2306444	2347601	39.9091	116.474
2306444	3819473	39.9091	116.474
2311519	2068539	39.934	116.451
2314333	5516313	39.882	116.46
2317635	5240384	39.8942	116.48
2321364	5664631	39.9327	116.459
2327685	3940952	39.8932	116.479
2330287	1781707	39.9285	116.482
2335984	5843315	39.9141	116.46
2342368	4541761	39.9	116.469
2347928	883445	39.8991	116.459
2347928	3762979	39.8991	116.459
2349111	6199324	39.915	116.495
2373538	2301734	39.9219	116.44
2373538	2303514	39.9219	116.44
2380119	3776969	39.9177	116.459
2413925	955292	39.9224	116.449
2413925	5020720	39.9224	116.449
2420745	5890302	39.8939	116.48
2423017	3629154	39.919	116.457
2432159	1138736	39.9315	116.451
2432159	1441046	39.9315	116.451
2432159	2233034	39.9315	116.451
2454844	949941	39.8937	116.474
2454844	1324452	39.8937	116.474
2454844	6065626	39.8937	116.474
2460898	1165870	39.9175	116.458
2477900	1570168	39.9177	116.452
2488420	2941971	39.9206	116.433
2491133	977508	39.8941	116.48
2491133	1889546	39.8941	116.48
2505352	990441	39.8926	116.461
2507599	4878220	39.8937	116.476
2507599	5505711	39.8937	116.476
2507599	5536506	39.8937	116.476
2510124	1015987	39.9096	116.481
2511028	2248782	39.9097	116.46
2524933	4979336	39.894	116.435
2530963	1620540	39.9074	116.476
2531151	5928576	39.9239	116.448
2548213	5503800	39.8939	116.482
2549898	5032791	39.8948	116.461
2550145	4910248	39.9316	116.477
2553573	5766836	39.8941	116.48
2556784	2780030	39.91	116.448
2557273	5840696	39.9321	116.457
2565695	5894018	39.8941	116.48
2565695	6102431	39.8941	116.48
2568096	3946938	39.9319	116.455
2581914	3040317	39.9091	116.481
2582275	4288108	39.9049	116.459
2584156	2033786	39.9065	116.477
2585970	3046272	39.9075	116.459
25899	705130	39.9216	116.439
25899	4780981	39.9216	116.439
2599003	1586983	39.8818	116.461
2604884	3593458	39.9133	116.477
2613819	1091251	39.9067	116.463
2613819	1903935	39.9067	116.463
2629577	3687058	39.9156	116.455
26301	2997594	39.899	116.46
2634267	1580954	39.8891	116.462
2640885	2506831	39.9102	116.479
2663143	3345060	39.933	116.451
2663143	4602176	39.933	116.451
2669952	2177937	39.896	116.44
2669952	2203353	39.896	116.44
2670642	1137849	39.8818	116.46
2670642	2102455	39.8818	116.46
2670642	2170272	39.8818	116.46
2670642	3631660	39.8818	116.46
26748	171517	39.8961	116.461
26748	821108	39.8961	116.461
2684923	5080821	39.9323	116.455
2690276	1153572	39.9004	116.493
2692720	3761189	39.889	116.456
2709920	1170597	39.9317	116.444
2710047	1255102	39.9323	116.454
2711047	1281344	39.8938	116.479
2711047	1413058	39.8938	116.479
2716753	2115380	39.9131	116.477
2739605	6137850	39.8979	116.46
2746684	5938111	39.8955	116.436
2752355	1230430	39.894	116.478
2764971	1210400	39.9323	116.454
2772105	5641887	39.9323	116.454
2775519	3034168	39.9205	116.455
2793915	5688144	39.8889	116.479
2809136	5686311	39.9317	116.444
2816223	2947315	39.9125	116.46
2821638	1252308	39.894	116.48
2821638	3675324	39.894	116.48
2822186	1483631	39.922	116.461
2831902	5800832	39.9194	116.443
28699	3445514	39.91	116.441
28951	3442353	39.9265	116.485
2906490	2132707	39.9329	116.455
2922523	1314790	39.8854	116.468
2924525	5987780	39.9091	116.482
2924525	6008565	39.9091	116.482
2927892	1694234	39.9114	116.461
2927892	6178298	39.9114	116.461
2943758	2053825	39.8872	116.463
2943758	2062738	39.8872	116.463
2947104	1824929	39.914	116.471
2952280	5989276	39.9092	116.474
2960733	2780238	39.9065	116.46
2982159	1357606	39.9061	116.459
2992976	6007662	39.9114	116.477
3017232	1552367	39.8924	116.478
3017232	1815370	39.8924	116.478
3018853	3973480	39.8968	116.462
3018853	4066880	39.8968	116.462
3022473	5700271	39.9075	116.471
3035407	3470936	39.9113	116.457
3035407	3470989	39.9113	116.457
3040205	3465168	39.9151	116.458
3040515	3955983	39.9331	116.451
3040515	4602141	39.9331	116.451
3042097	1402209	39.9285	116.481
3054758	2385157	39.9133	116.489
3055340	2085929	39.8941	116.433
3056476	1628737	39.8974	116.435
3056476	3039821	39.8974	116.435
3058643	1937407	39.9322	116.455
3058643	5641078	39.9322	116.455
3059650	1419667	39.9232	116.48
3059650	2495565	39.9232	116.48
3059650	3841414	39.9232	116.48
3065647	1447052	39.9062	116.442
3067719	1427523	39.9233	116.48
3067719	2803415	39.9233	116.48
3067719	3040873	39.9233	116.48
3069017	1430006	39.9067	116.474
3070200	1429944	39.9075	116.457
3071127	1430974	39.9298	116.444
3085517	3904553	39.8941	116.48
3085517	4992778	39.8941	116.48
3087208	5166645	39.9071	116.456
3087208	5469622	39.9071	116.456
3087521	6036593	39.8912	116.469
3087569	3293600	39.91	116.444
3091495	1820903	39.9179	116.452
3093304	5820984	39.9117	116.481
3102422	3975809	39.9091	116.474
3102422	5703040	39.9091	116.474
3102801	1505330	39.9289	116.444
3126637	1496743	39.8862	116.464
3126637	1506659	39.8862	116.464
3127515	4446635	39.9161	116.453
3135892	1508681	39.9216	116.439
3137603	5059738	39.9161	116.493
3147036	1523197	39.9171	116.452
3147036	4440313	39.9171	116.452
3164743	3249009	39.9216	116.439
3166760	4459575	39.9074	116.476
3172145	1556204	39.8927	116.466
3172398	1824461	39.9316	116.451
3172398	1824496	39.9316	116.451
3172753	2254490	39.9197	116.449
3176788	3995787	39.9161	116.493
3179860	6192691	39.9123	116.461
3180537	5733948	39.907	116.457
3180537	5737250	39.907	116.457
3181065	1568183	39.8847	116.473
3199225	1614706	39.895	116.462
3200734	4370004	39.9096	116.481
3201112	3358356	39.9102	116.448
3201638	1610013	39.914	116.46
3205363	4450506	39.9111	116.458
3206301	1602006	39.894	116.463
3208619	1604994	39.894	116.479
3208619	1890920	39.894	116.479
3208619	3575847	39.894	116.479
3212773	5862446	39.9226	116.44
3214941	2606446	39.9344	116.467
3215233	6095055	39.8938	116.478
3219431	4418945	39.9346	116.455
3220683	2968834	39.933	116.454
3223366	6022162	39.9212	116.462
3223366	6092254	39.9212	116.462
3223783	5845477	39.894	116.48
3226790	1629295	39.8874	116.441
3229705	1632846	39.8991	116.461
3233307	1637175	39.8943	116.477
3238754	3892661	39.9221	116.438
3252863	1660559	39.9072	116.496
3264202	5456301	39.9161	116.493
3265648	1675369	39.894	116.455
3265648	5933490	39.894	116.455
3267793	3585963	39.8941	116.48
3267793	3795506	39.8941	116.48
3269463	5432851	39.8938	116.478
3270725	1681413	39.907	116.457
3270725	3134078	39.907	116.457
3277308	1691801	39.8935	116.479
3279120	1691301	39.9283	116.447
3281736	2019871	39.8944	116.461
3285580	5558502	39.9169	116.452
3285580	5559729	39.9169	116.452
3285580	5589623	39.9169	116.452
3286629	5014939	39.9224	116.433
3286629	5106832	39.9224	116.433
3286629	6092990	39.9224	116.433
3292736	3731990	39.9216	116.439
3297810	3412226	39.9193	116.444
3298928	2323845	39.9032	116.427
3323277	1729611	39.9076	116.44
3326668	2387897	39.8948	116.462
3326668	4014167	39.8948	116.462
3326668	4021455	39.8948	116.462
3332825	1836321	39.9312	116.451
3345135	1756969	39.9054	116.456
3345135	3186533	39.9054	116.456
3347809	1746283	39.9103	116.472
3347809	3214228	39.9103	116.472
3351387	4522436	39.9243	116.451
3360298	6053914	39.9318	116.455
3362464	5057113	39.9042	116.435
3371555	3050085	39.9222	116.44
3371555	5179248	39.9222	116.44
3397179	1783113	39.8941	116.48
34037	3394803	39.9167	116.451
3404562	4398593	39.9213	116.44
3411058	3373418	39.9216	116.439
3420818	5365102	39.8938	116.449
3428268	2845305	39.9091	116.451
3429741	5614017	39.9329	116.459
3429741	6018250	39.9329	116.459
3430642	3236437	39.9126	116.458
3430642	3238957	39.9126	116.458
3432631	1807083	39.8965	116.46
3432631	2365835	39.8965	116.46
3432631	2946406	39.8965	116.46
3433705	3020352	39.9217	116.438
3444772	4661721	39.9323	116.451
3444772	4689618	39.9323	116.451
3468634	2413910	39.8998	116.486
3472285	2541085	39.9189	116.488
3489358	1868963	39.9063	116.461
3501664	5959845	39.907	116.457
3510260	1910263	39.8921	116.478
3510260	5770902	39.8921	116.478
3510260	5770909	39.8921	116.478
3514578	4986205	39.9077	116.471
3524314	4551442	39.9094	116.48
3524489	5600284	39.9091	116.474
3551740	2196483	39.9177	116.459
3558502	5482424	39.894	116.478
3558502	5482428	39.894	116.478
3564041	1906605	39.9174	116.441
3565795	3517614	39.9058	116.461
3565795	3549899	39.9058	116.461
3565795	3629435	39.9058	116.461
3567720	3440219	39.9228	116.45
3570081	2489896	39.9104	116.472
3574287	4559081	39.8867	116.463
3574426	1909415	39.8938	116.479
3584899	5377178	39.9132	116.471
3594194	3905472	39.9226	116.459
3605033	1932515	39.9324	116.457
3605033	1936483	39.9324	116.457
3605033	1936491	39.9324	116.457
3605033	1945570	39.9324	116.457
3607117	1942979	39.9176	116.443
3607309	1934046	39.9006	116.479
3608104	3843551	39.8991	116.461
3626906	2122475	39.8994	116.478
3627063	1977442	39.9161	116.461
3629248	1952083	39.8943	116.451
3637618	4885954	39.9322	116.454
3637618	5260722	39.9322	116.454
3639538	3905456	39.9125	116.433
3653111	1972026	39.9069	116.43
3653111	2394273	39.9069	116.43
3656334	1974726	39.9131	116.473
3656334	5200749	39.9131	116.473
3656334	6178258	39.9131	116.473
3671100	2131201	39.9286	116.449
3673235	1987714	39.914	116.459
3673470	4015764	39.894	116.478
3675167	1989273	39.9082	116.451
3675167	2696387	39.9082	116.451
3682369	1994774	39.921	116.463
36913	6168007	39.9201	116.443
3705822	5875661	39.9091	116.481
3721995	5787450	39.9221	116.479
3727615	2062655	39.9328	116.453
3727615	3839743	39.9328	116.453
3727615	3839830	39.9328	116.453
3727849	2025267	39.9071	116.458
3729628	2026322	39.9212	116.438
3733282	2039612	39.9075	116.472
3733513	2905861	39.9171	116.452
3737483	3290213	39.9162	116.494
3745505	2036065	39.9172	116.478
3757010	3983185	39.8955	116.466
3771504	2049722	39.8941	116.48
3781391	2060506	39.9126	116.473
3793135	5816314	39.8936	116.443
3800147	4620771	39.9168	116.453
3800225	3191144	39.8939	116.478
3803967	2068473	39.9341	116.451
3803967	2381598	39.9341	116.451
3803967	2381602	39.9341	116.451
3803967	2381616	39.9341	116.451
3806219	5568116	39.909	116.48
3806219	6201301	39.909	116.48
3806291	2068193	39.894	116.478
3809513	4365948	39.9344	116.454
3809513	6102461	39.9344	116.454
3820913	5601936	39.9085	116.449
3823026	2077396	39.894	116.478
3823026	2770965	39.894	116.478
3845088	3859320	39.9173	116.453
3889757	5795026	39.894	116.48
3900635	3511433	39.9113	116.457
3906072	3806992	39.9156	116.454
3906072	3830083	39.9156	116.454
3906521	5461816	39.9216	116.439
3918564	6193931	39.894	116.481
3927314	2671718	39.9094	116.473
3927645	2123161	39.894	116.48
3927645	5798590	39.894	116.48
3927645	5916696	39.894	116.48
3931654	2123863	39.9009	116.466
3936493	4666652	39.9114	116.428
3945068	3101108	39.91	116.444
3945068	3263833	39.91	116.444
3955694	2136797	39.9349	116.454
3959179	3321287	39.9029	116.428
3960860	3598312	39.8847	116.473
3976209	3163783	39.9098	116.463
3976464	2215611	39.9221	116.461
4001313	2731748	39.9166	116.451
4021802	2174387	39.9045	116.435
4025979	6020905	39.9091	116.481
4059374	4385682	39.9308	116.481
4061002	4181259	39.923	116.44
4061742	6189003	39.8947	116.477
4069913	5795727	39.8989	116.452
4069913	5818781	39.8989	116.452
41082	2072035	39.9132	116.452
4110385	2221846	39.9323	116.454
4112097	4093248	39.9199	116.449
4112568	5908292	39.9224	116.449
4125810	2229738	39.9259	116.455
4125810	2524499	39.9259	116.455
4125810	2650244	39.9259	116.455
4131173	2502640	39.933	116.453
4147711	5633381	39.9242	116.456
4169390	5503605	39.8955	116.461
4169390	5522835	39.8955	116.461
4170858	4897044	39.9076	116.471
4190310	6073384	39.9109	116.459
4210126	2558825	39.916	116.492
4212796	4268506	39.8939	116.479
4222222	4269754	39.9234	116.45
4241204	4764947	39.9117	116.46
4244019	2309496	39.9062	116.474
4244019	2658801	39.9062	116.474
4245930	2311330	39.8847	116.473
4252446	2316357	39.9032	116.427
4262647	5315340	39.912	116.461
4266730	4150265	39.9102	116.479
4271200	6041560	39.9187	116.453
4283705	3533325	39.9349	116.455
4300841	5942291	39.916	116.453
4303665	5420446	39.8951	116.463
4312161	5321854	39.917	116.451
4322261	3407254	39.8923	116.449
4339705	5259392	39.8921	116.478
4339705	5984706	39.8921	116.478
4340167	4065906	39.9091	116.481
4348472	5151164	39.9157	116.437
4348472	5864484	39.9157	116.437
4352281	6114287	39.9123	116.459
4363407	2398297	39.8938	116.475
4371251	2804789	39.9041	116.443
4372675	5977331	39.9009	116.463
4378444	2409944	39.9323	116.454
4378444	2957297	39.9323	116.454
4382288	2413291	39.9197	116.455
4385857	4389824	39.9038	116.427
4385857	4886389	39.9038	116.427
4391170	2420088	39.8872	116.479
4409018	5083050	39.9076	116.477
44092	4385	39.9328	116.459
4410149	2892065	39.907	116.449
4416371	5451457	39.9185	116.459
4417172	2441853	39.9215	116.443
4421495	2444889	39.933	116.454
4421495	2534281	39.933	116.454
4421495	6137276	39.933	116.454
4421965	5435489	39.8997	116.456
4425228	2447844	39.8949	116.479
4437242	2873273	39.9317	116.444
4437242	2972225	39.9317	116.444
4450185	4498842	39.9068	116.47
4450275	5294522	39.9174	116.459
4450516	2468013	39.9207	116.452
4450516	2893464	39.9207	116.452
4456946	4071692	39.9001	116.485
4460160	3180487	39.9319	116.457
4465879	5414806	39.9292	116.464
4467084	3572484	39.9036	116.474
4467084	3587880	39.9036	116.474
4467541	4312928	39.9328	116.454
4467797	5512582	39.9308	116.466
4468706	3450041	39.911	116.458
4468706	4677846	39.911	116.458
4474928	5580132	39.8855	116.479
4476279	5622843	39.9316	116.456
4478155	4335717	39.9114	116.46
4478177	4170951	39.9177	116.452
4483902	4334962	39.9237	116.455
4486351	2498804	39.8941	116.48
4499600	2512028	39.8995	116.458
4502641	3133739	39.9174	116.471
4505597	2861464	39.8951	116.465
4517029	2569295	39.9286	116.449
4531315	2537382	39.9179	116.441
4532437	3701121	39.8972	116.453
4532559	5602572	39.9099	116.46
4533776	3559924	39.8941	116.474
4533776	3832331	39.8941	116.474
4533966	5932346	39.8955	116.464
4535242	4234570	39.9165	116.452
4535242	4235264	39.9165	116.452
4542722	3708811	39.8988	116.457
4543277	2632084	39.9073	116.477
4546359	5159512	39.8981	116.491
4546964	5337225	39.9346	116.454
4546964	5337442	39.9346	116.454
4551023	5801616	39.8918	116.469
4563055	2565474	39.894	116.48
4564502	3551274	39.922	116.439
4573773	5469085	39.9317	116.455
4573773	5698323	39.9317	116.455
4574715	2576160	39.9004	116.493
4582058	6135546	39.9092	116.451
4585218	2702438	39.8917	116.478
4585218	5392335	39.8917	116.478
4593265	2592439	39.8942	116.46
4593265	3163780	39.8942	116.46
4593265	3170436	39.8942	116.46
4598238	4833768	39.894	116.481
4600709	5258149	39.9333	116.463
4605445	3233851	39.8939	116.481
4607372	5389066	39.8936	116.478
4607372	5761828	39.8936	116.478
4613592	3739771	39.9323	116.454
4620738	6060350	39.9161	116.495
4627477	2620708	39.9056	116.454
4627477	2620730	39.9056	116.454
4627477	2620742	39.9056	116.454
4634646	6160803	39.8938	116.479
4634917	2724052	39.8941	116.48
4643841	2654976	39.9249	116.439
4644498	5663438	39.9323	116.454
4646369	4548940	39.9178	116.453
4651624	5808708	39.9113	116.428
4651624	5987958	39.9113	116.428
4658560	3723521	39.894	116.48
4672274	5505780	39.9321	116.451
4698813	2716849	39.9327	116.455
4726376	2674181	39.9094	116.496
4729857	5831343	39.8913	116.482
4732600	2677359	39.9073	116.476
4732600	2677373	39.9073	116.476
4750116	5424403	39.9188	116.452
4761402	5671682	39.8966	116.462
4761402	5722342	39.8966	116.462
4837170	5718448	39.93	116.454
4841718	5413153	39.8942	116.463
4841718	5608788	39.8942	116.463
4844679	3583612	39.912	116.46
4844679	4451072	39.912	116.46
4844679	5106906	39.912	116.46
4850949	2728746	39.8945	116.463
4859776	5830806	39.9179	116.453
4866612	4184201	39.932	116.451
4866612	4343119	39.932	116.451
4871871	5494213	39.9308	116.466
4884451	5819644	39.932	116.448
4901852	6193605	39.9216	116.439
4922832	5335067	39.8943	116.479
4924408	6030518	39.9165	116.452
4945910	2773101	39.8995	116.492
4945910	3350808	39.8995	116.492
4966477	2784818	39.9186	116.456
4972518	5092027	39.9161	116.492
4974800	4911365	39.9077	116.471
4977653	3137389	39.8914	116.465
4985658	2796593	39.8936	116.478
4986351	3984947	39.9285	116.481
4994587	5448582	39.9125	116.473
4994773	2809088	39.9323	116.454
4994773	2893465	39.9323	116.454
5002218	3826988	39.9321	116.446
5004823	3721948	39.8989	116.482
5009703	3396846	39.8948	116.463
5011321	2816802	39.9216	116.439
5017647	3252853	39.9223	116.433
5017647	6062014	39.9223	116.433
5021949	3857944	39.9178	116.461
5024322	2822789	39.8938	116.478
5025258	2823372	39.905	116.458
5036577	6025211	39.8914	116.48
5038602	2862480	39.9094	116.48
5043454	2835012	39.8938	116.478
5043454	5271412	39.8938	116.478
5048741	2838801	39.9285	116.48
5048741	2838860	39.9285	116.48
5061235	5593969	39.9248	116.439
5061311	5097618	39.9075	116.457
5065815	3748283	39.8927	116.461
5066464	6039241	39.9143	116.451
5083997	4266779	39.8938	116.481
5092280	2909125	39.8914	116.465
5109393	2924287	39.9232	116.44
5111277	2890129	39.9182	116.456
5111277	3262300	39.9182	116.456
5111277	3289306	39.9182	116.456
5111277	3304647	39.9182	116.456
5111277	5709367	39.9182	116.456
5112348	2891423	39.9074	116.476
5121117	5628395	39.9329	116.453
5126162	4325629	39.9288	116.479
5126162	4424025	39.9288	116.479
5136377	2915674	39.8938	116.478
5140901	3062659	39.9215	116.44
5140968	2920194	39.8936	116.478
5156536	3132070	39.9152	116.495
5156536	3132150	39.9152	116.495
5158185	2939098	39.8998	116.458
5158185	2958786	39.8998	116.458
5160610	2942567	39.8961	116.461
5167088	2949907	39.8913	116.469
5174460	4806711	39.9217	116.454
5178237	5953506	39.8951	116.465
517995	48882	39.9117	116.478
5184109	3989693	39.9159	116.495
5184109	4396186	39.9159	116.495
5184617	3005132	39.914	116.434
5186792	2970844	39.9097	116.451
5186792	2994504	39.9097	116.451
5191113	2975398	39.8936	116.478
5192138	3026707	39.9091	116.473
5192138	3076011	39.9091	116.473
5192138	3093689	39.9091	116.473
5192138	6033819	39.9091	116.473
5198910	2983549	39.9116	116.482
5207764	5463197	39.9321	116.477
5207764	5934325	39.9321	116.477
5217312	3608640	39.9215	116.443
5222361	5054478	39.9302	116.471
5224761	3568685	39.9002	116.492
5224761	5190846	39.9002	116.492
5226319	4702113	39.9009	116.463
5227389	3009461	39.894	116.463
5227389	3009557	39.894	116.463
5236322	5268455	39.8943	116.479
5237713	4232758	39.9065	116.47
5244876	3026777	39.9151	116.493
5252686	4096613	39.9188	116.46
5259973	3038045	39.9327	116.451
5266893	3050445	39.9109	116.456
5272267	3046801	39.9237	116.449
5273717	3069527	39.9071	116.457
5273717	3111289	39.9071	116.457
5273717	5906324	39.9071	116.457
5295089	4480341	39.8999	116.478
5295451	3062708	39.9223	116.44
5298188	3064419	39.8856	116.462
5318576	3080493	39.9317	116.451
5326131	3103740	39.894	116.463
5326514	3085572	39.9073	116.43
5326514	3145874	39.9073	116.43
5326514	3191862	39.9073	116.43
5327252	4550970	39.9075	116.457
5327282	3204190	39.9238	116.451
5351601	3102996	39.9157	116.437
5362913	3114687	39.8977	116.432
5368902	3122150	39.8943	116.479
5378440	5262324	39.9109	116.461
5380651	3129077	39.9008	116.476
5380651	5078098	39.9008	116.476
5382203	5137146	39.9101	116.479
5383711	3959603	39.9131	116.437
5386198	3619984	39.9077	116.471
5392249	4836418	39.9281	116.463
5401585	3149191	39.9284	116.462
5404495	3182912	39.9298	116.446
5404495	3185992	39.9298	116.446
5404495	3211224	39.9298	116.446
5404495	3583812	39.9298	116.446
5404495	3734956	39.9298	116.446
5404495	3838057	39.9298	116.446
5406719	4007134	39.9097	116.444
5425749	3180062	39.8918	116.469
5425749	3436431	39.8918	116.469
5425749	3436474	39.8918	116.469
5429236	5713890	39.914	116.457
5433067	3703554	39.8934	116.458
5435522	3184088	39.9091	116.475
5437299	3187219	39.9318	116.451
5437299	3202077	39.9318	116.451
5437299	3215416	39.9318	116.451
5437299	3258859	39.9318	116.451
5453698	3201966	39.9178	116.437
54565	1632372	39.9216	116.439
5475564	5705179	39.9064	116.439
5475564	5939062	39.9064	116.439
5476958	5688081	39.9189	116.451
5490423	5086778	39.9228	116.438
5492446	4979307	39.9151	116.495
5493491	4805420	39.9244	116.467
5495053	4899127	39.9178	116.452
5496415	3241304	39.9329	116.451
5502659	3469457	39.9323	116.454
5508516	5360804	39.8938	116.479
5508516	5361860	39.8938	116.479
5512063	4605122	39.9091	116.451
5514118	3272241	39.9031	116.427
5514118	3423036	39.9031	116.427
5514118	5207982	39.9031	116.427
5523148	4568322	39.921	116.463
5523148	4788284	39.921	116.463
5528654	3671997	39.894	116.435
5535617	4468726	39.9213	116.441
5537133	3279548	39.9248	116.439
5537133	3558095	39.9248	116.439
5540194	3486200	39.8941	116.449
5542154	3285713	39.9051	116.459
5550947	4924428	39.913	116.477
5550947	5163674	39.913	116.477
5573186	3731364	39.8923	116.449
5583196	3323945	39.882	116.46
5591208	3621021	39.894	116.48
5591208	6178817	39.894	116.48
5598839	4427982	39.9211	116.463
5608116	4327887	39.9128	116.455
5611956	3626127	39.893	116.472
5618767	5828003	39.909	116.481
5620776	4725122	39.916	116.492
5622625	4386781	39.8994	116.478
5623059	3762650	39.9049	116.435
5632796	5135053	39.9307	116.457
5651939	5676550	39.932	116.451
5653365	3389898	39.9328	116.454
5661759	3480380	39.907	116.428
5663172	3399056	39.9159	116.472
5672274	3465242	39.9071	116.445
5673970	4047634	39.9141	116.468
5673970	4062392	39.9141	116.468
5673970	6094385	39.9141	116.468
5677200	3412846	39.8923	116.449
5691901	5659844	39.894	116.48
5691901	5728344	39.894	116.48
5694794	3515879	39.9173	116.478
5703273	4989837	39.894	116.435
5706446	4946333	39.9322	116.455
5706446	5303808	39.9322	116.455
5706446	5652554	39.9322	116.455
5708362	3770643	39.9141	116.46
5708362	4549552	39.9141	116.46
5709924	6001327	39.9092	116.474
5710046	3446423	39.9289	116.449
5710046	3520096	39.9289	116.449
5711655	3510991	39.91	116.46
5713562	5138135	39.8941	116.435
5721384	3695444	39.9161	116.492
5722489	3455801	39.9286	116.457
5724385	5502973	39.9323	116.454
5724385	5587117	39.9323	116.454
5727346	4910456	39.9163	116.452
5728544	3460975	39.9072	116.46
5733688	4080679	39.9285	116.482
5737785	4073234	39.9285	116.48
5739217	3814507	39.9196	116.45
5743523	4871105	39.9137	116.452
5743523	6023814	39.9137	116.452
5746881	3499045	39.9074	116.46
5748298	5539365	39.9323	116.454
5751234	5930157	39.899	116.486
5758058	3731562	39.8867	116.462
5763222	3496790	39.9329	116.451
5766874	3538540	39.8878	116.482
5769404	5288404	39.9109	116.46
5771081	5469795	39.933	116.458
5774021	3609529	39.8997	116.486
5776517	5796593	39.9101	116.479
5776517	5990750	39.9101	116.479
5778448	5870722	39.8941	116.48
5786747	5693339	39.9149	116.494
5789274	5707703	39.9094	116.451
5792383	4956517	39.9204	116.455
5812334	5964091	39.8938	116.479
5829306	6170284	39.9248	116.439
5832822	3565068	39.9242	116.45
5834456	4369809	39.931	116.451
5838715	3601803	39.9161	116.492
5843201	3574734	39.8938	116.479
5846459	3695595	39.9111	116.46
5847725	3579209	39.9076	116.47
5848479	4054841	39.9239	116.439
5865101	4181328	39.9213	116.463
5873183	5946247	39.9094	116.479
5874645	3792205	39.9149	116.494
5874645	5510760	39.9149	116.494
5875449	3609257	39.9118	116.432
5875449	5190091	39.9118	116.432
5877466	5811094	39.9323	116.454
5877466	5894411	39.9323	116.454
5878740	5620910	39.8938	116.48
5883689	3646901	39.922	116.44
5883689	4403604	39.922	116.44
5888586	5736987	39.9005	116.493
5899058	4818459	39.8938	116.479
5900321	3636105	39.884	116.462
5903815	3632309	39.9118	116.432
5911026	5190885	39.8938	116.48
5938952	4145731	39.9249	116.439
5943749	3664041	39.9224	116.449
5943749	5196719	39.9224	116.449
5945066	3826632	39.9322	116.455
5964188	4094187	39.8939	116.478
5964188	5573273	39.8939	116.478
5984528	3718584	39.9322	116.457
5991096	3682876	39.8954	116.466
6004354	3688910	39.9174	116.459
6008142	5896525	39.9062	116.444
6008142	5898736	39.9062	116.444
6023659	4694571	39.9349	116.455
6026241	3704754	39.9242	116.445
6033465	4947318	39.9111	116.458
6055243	5921159	39.9219	116.439
6079418	3718951	39.9178	116.452
6122338	5458462	39.907	116.457
6132491	4863308	39.9217	116.439
6133960	3796914	39.9217	116.438
6134054	3743414	39.9349	116.454
6139908	5094573	39.9169	116.452
6139908	5966951	39.9169	116.452
6153055	5906208	39.9077	116.464
6160689	4475099	39.8917	116.469
6178434	5922206	39.9077	116.471
6180348	3785204	39.9321	116.446
6180596	3973002	39.8967	116.48
6240770	3796583	39.9241	116.443
6255683	4629602	39.9166	116.452
6266552	6110352	39.9095	116.46
6271108	4410787	39.9283	116.447
6274172	3955169	39.9272	116.44
6278727	3810633	39.8973	116.433
6286807	5895799	39.9236	116.464
6295626	3817809	39.8976	116.458
6295924	3817881	39.9239	116.467
6317156	3824068	39.9216	116.44
6334577	4423373	39.9216	116.439
6353603	4769837	39.9109	116.461
6373162	4974888	39.9177	116.459
6373162	5258721	39.9177	116.459
6428551	3854642	39.8948	116.463
6440984	3898113	39.9318	116.479
6440984	5033521	39.9318	116.479
6441601	4957503	39.8951	116.461
6450937	3860999	39.9184	116.446
6455089	4924270	39.9314	116.455
6466068	4851472	39.9162	116.453
6475343	3868996	39.893	116.472
6480753	5898552	39.9326	116.455
6485481	4341762	39.894	116.463
6489593	3937360	39.9329	116.451
6492576	5303907	39.894	116.478
6500074	3902730	39.8881	116.445
6507582	3917400	39.894	116.463
6510339	5832826	39.9165	116.452
6510339	6016366	39.9165	116.452
6526051	4625159	39.9215	116.433
6571987	5924042	39.894	116.48
6627378	3919402	39.9294	116.461
6630461	3914383	39.9177	116.452
6634555	6029189	39.9351	116.455
6636448	3917179	39.9218	116.44
6649230	5718496	39.9116	116.461
6653555	4001874	39.8908	116.462
6678831	3992184	39.9165	116.452
6691011	4090910	39.9107	116.482
6698874	6095490	39.9324	116.46
6716770	3942918	39.8936	116.481
6730923	5996203	39.9344	116.467
6769217	3960773	39.8922	116.478
677245	5306239	39.9228	116.438
6775619	5936715	39.8916	116.464
679514	447508	39.9243	116.451
68017	528333	39.9161	116.495
68017	5375436	39.9161	116.495
680285	2220216	39.9231	116.442
6836455	3986572	39.8916	116.461
684208	4809059	39.8911	116.464
6844347	3985527	39.9346	116.455
6853138	6185591	39.9061	116.474
6866109	3994136	39.9349	116.455
6866846	4868916	39.9343	116.455
6868936	4237256	39.9226	116.484
6877369	3999471	39.8939	116.462
6905105	4034285	39.9268	116.449
6905105	4116087	39.9268	116.449
690622	3639258	39.922	116.448
690622	3957445	39.922	116.448
6907284	4402892	39.8941	116.48
6908197	6151871	39.8851	116.467
6919839	4032339	39.9051	116.459
694272	4788430	39.9167	116.453
6959095	4443611	39.9091	116.481
6959095	6009714	39.9091	116.481
6966326	4040982	39.894	116.449
6988998	4047442	39.9186	116.451
6990504	4617495	39.9157	116.437
7009017	5164726	39.9216	116.439
7009017	5709271	39.9216	116.439
7021591	5339728	39.8938	116.476
7024061	4060746	39.8912	116.468
7025731	6059252	39.894	116.48
703291	78553	39.9285	116.482
703291	860375	39.9285	116.482
703291	860393	39.9285	116.482
703291	1282790	39.9285	116.482
7037069	4112983	39.8938	116.478
7046449	5412312	39.9102	116.46
7052884	4072312	39.9062	116.46
7063139	5499627	39.8936	116.481
7063922	4106644	39.8987	116.461
7063922	4120079	39.8987	116.461
7093436	4307039	39.9091	116.474
7093436	5205263	39.9091	116.474
7094026	4539119	39.8993	116.486
7119152	4250133	39.8826	116.461
7147650	4907553	39.9286	116.443
7162909	4987496	39.919	116.48
7166321	5731080	39.9076	116.471
7169072	4184925	39.9091	116.463
7183216	4207509	39.8987	116.461
7196400	4265213	39.93	116.444
7206691	5059533	39.9287	116.479
7229030	5176623	39.9102	116.473
724264	3568145	39.9321	116.453
7247114	4715392	39.9177	116.452
7256673	4985955	39.9077	116.471
7256676	4231765	39.9317	116.444
7256676	4231821	39.9317	116.444
7277606	4168214	39.893	116.472
7277606	5807138	39.893	116.472
7281258	4170429	39.907	116.479
7284387	4171720	39.9169	116.451
7284387	4378045	39.9169	116.451
7313173	4186282	39.9076	116.471
7325630	4998234	39.9109	116.48
7325630	6169224	39.9109	116.48
7330167	5055550	39.9057	116.479
7365398	4234424	39.9231	116.442
7365398	4425545	39.9231	116.442
7365398	4676941	39.9231	116.442
7365398	4676946	39.9231	116.442
7365398	4676948	39.9231	116.442
7365398	4676952	39.9231	116.442
7386626	4222431	39.9171	116.453
7387169	4270375	39.9228	116.446
7401358	5718057	39.8973	116.477
7405248	4887024	39.894	116.463
7406753	6003355	39.894	116.48
7443998	4524018	39.9046	116.452
7447502	4252187	39.9089	116.451
744824	6145720	39.9132	116.459
7466648	4260776	39.8995	116.493
7474521	5800188	39.9091	116.451
7487381	4548650	39.9178	116.452
7487950	5421741	39.8942	116.478
7492348	4270373	39.9271	116.456
7492348	5814737	39.9271	116.456
7495599	4301089	39.885	116.473
7495599	5020368	39.885	116.473
7530245	5955229	39.9073	116.476
7530245	6012598	39.9073	116.476
7530587	5518095	39.8848	116.452
7541944	5334512	39.8829	116.46
7542988	4292862	39.8847	116.473
7542988	4977445	39.8847	116.473
7554442	4297763	39.9137	116.452
7555318	4298727	39.9092	116.451
7555318	4322317	39.9092	116.451
7555318	5827495	39.9092	116.451
7589762	4321746	39.9194	116.444
7603255	4798229	39.8936	116.481
7604541	4418556	39.9315	116.455
7614348	5671992	39.9286	116.48
7621874	4848246	39.9215	116.463
7628447	4620257	39.9193	116.443
7632345	5680110	39.9285	116.48
7637033	6085080	39.8883	116.469
7650861	4432750	39.9049	116.459
7677784	6083214	39.9076	116.471
7686234	4359545	39.9318	116.454
771018	6198671	39.9141	116.434
772200	5861603	39.9117	116.481
7723561	5291967	39.9128	116.477
7726650	6118076	39.8991	116.461
7745776	5822533	39.923	116.459
7747027	4761393	39.9226	116.446
7759573	5878199	39.894	116.432
7772539	4423056	39.9175	116.458
7773439	5745788	39.8938	116.479
7795577	4415205	39.91	116.46
7803486	4614433	39.9118	116.46
7805219	4421499	39.9206	116.433
780583	1264918	39.9077	116.479
7831132	5033428	39.9003	116.462
785499	1163730	39.8951	116.465
785499	3909325	39.8951	116.465
785499	3915118	39.8951	116.465
785499	3915124	39.8951	116.465
785499	3915128	39.8951	116.465
785499	3915133	39.8951	116.465
7868954	4449457	39.9268	116.449
7868954	4463676	39.9268	116.449
7868954	4499786	39.9268	116.449
7880754	4462415	39.9317	116.445
7881864	4562010	39.9174	116.459
7881864	6067367	39.9174	116.459
7885141	4455971	39.9187	116.452
7885141	4909653	39.9187	116.452
7885723	4456234	39.9202	116.434
7890276	6093580	39.906	116.455
7894538	5476060	39.9059	116.441
7894624	5305629	39.9287	116.479
7894702	4461014	39.9161	116.453
7898857	5275226	39.93	116.462
7910285	4467775	39.9071	116.445
7910285	4533409	39.9071	116.445
7910592	5683249	39.9187	116.459
7917496	4471118	39.9059	116.441
7921466	5306199	39.9285	116.48
7924099	4474318	39.9268	116.449
7924099	5229338	39.9268	116.449
7927718	4888487	39.933	116.457
7951009	5226215	39.898	116.46
7959826	4599586	39.9323	116.454
7959826	4848387	39.9323	116.454
7971238	4497023	39.9326	116.454
7972715	5713496	39.9216	116.44
7979395	4762824	39.9316	116.457
7979395	4935476	39.9316	116.457
7980222	4501720	39.8966	116.431
7981616	5738723	39.8991	116.461
7988931	5254082	39.9318	116.479
7996293	4534310	39.9322	116.457
8006810	4511662	39.9079	116.439
8008007	4512418	39.91	116.46
8014690	5983911	39.9091	116.451
8017046	4907470	39.9076	116.471
8027126	4689658	39.8941	116.48
8027126	5453259	39.8941	116.48
8036628	4596593	39.9296	116.451
8040684	4528253	39.933	116.454
8057073	4536192	39.9091	116.481
8060607	4898873	39.9312	116.451
8060884	4537697	39.9076	116.471
8065858	4539368	39.906	116.459
8077627	5963815	39.9228	116.438
8091296	4563798	39.9263	116.478
8093690	4551884	39.8961	116.442
8099346	4553998	39.9289	116.451
8124767	5456868	39.8901	116.467
8134948	4600395	39.9175	116.459
8135966	4566131	39.9281	116.479
8135966	4686652	39.9281	116.479
8135966	5389502	39.9281	116.479
818356	100368	39.9138	116.477
818814	5360184	39.9062	116.474
8191169	4868643	39.9329	116.453
8191313	4931337	39.9242	116.443
8216217	5490690	39.907	116.457
821688	862723	39.9243	116.46
8242562	4601926	39.8948	116.463
8246374	4602679	39.9234	116.487
8276750	4634937	39.8969	116.46
8280127	4616860	39.9297	116.467
8301206	5678888	39.894	116.479
8316320	4624850	39.9323	116.454
8321313	4801348	39.9233	116.479
8332646	5744541	39.8851	116.467
8333292	4629354	39.9325	116.455
8333292	5640128	39.9325	116.455
8378543	5112859	39.894	116.449
8398181	6097750	39.9073	116.477
8399710	5061700	39.9143	116.452
8400629	5338731	39.9322	116.451
8405405	4659665	39.918	116.453
8405405	5187675	39.918	116.453
8406574	6102064	39.9061	116.474
8489924	4685884	39.9095	116.472
8489924	6031955	39.9095	116.472
8491130	4686650	39.9281	116.479
8491227	5972244	39.9061	116.474
8501164	5797891	39.9342	116.463
8507296	5766657	39.9112	116.47
8514247	4861303	39.9231	116.452
8524214	5247394	39.9059	116.458
8544692	5130267	39.9242	116.443
8546365	4708401	39.9004	116.493
8588630	5859261	39.9119	116.478
8594456	5158059	39.9171	116.452
8594456	5331609	39.9171	116.452
8594456	6031604	39.9171	116.452
8632124	6123780	39.8896	116.44
8660063	4748036	39.9327	116.459
8660063	4748046	39.9327	116.459
867569	119504	39.9287	116.449
867569	188834	39.9287	116.449
867569	616293	39.9287	116.449
8684729	5620611	39.9163	116.453
8706218	5307965	39.9161	116.492
871662	1546277	39.9092	116.457
871662	1725470	39.9092	116.457
8717769	4912341	39.9134	116.47
8725905	5196954	39.91	116.427
8765726	5305604	39.9286	116.48
8765739	4771397	39.9287	116.479
8765878	4771386	39.9286	116.48
8765878	5059119	39.9286	116.48
8769445	4772166	39.9286	116.48
8809934	4783955	39.8839	116.462
8809934	4895046	39.8839	116.462
8821636	5066089	39.8906	116.464
8835464	5034195	39.8889	116.482
8836180	5371632	39.9219	116.481
88492	3063009	39.8889	116.479
8886416	4804774	39.932	116.456
8886416	5264244	39.932	116.456
8889432	5208364	39.9216	116.439
8889432	6171190	39.9216	116.439
8893157	4806181	39.9117	116.461
8899778	4826201	39.8951	116.465
8939024	5624010	39.919	116.48
8973901	5201965	39.9187	116.456
8977172	4909884	39.9093	116.473
8979802	6046674	39.9178	116.452
8994908	5889272	39.898	116.46
9020011	5357783	39.9169	116.451
9020011	6149924	39.9169	116.451
9023904	5159514	39.9323	116.477
9023904	5287946	39.9323	116.477
9026159	4889841	39.8931	116.465
9038204	5738255	39.9138	116.477
9046939	4856147	39.8938	116.48
9057839	4883839	39.9216	116.439
9059841	4881634	39.8905	116.465
9060485	4863925	39.9329	116.453
9092535	4883515	39.9181	116.485
9092535	5962073	39.9181	116.485
9107493	4889359	39.9253	116.455
9108443	6006120	39.9161	116.453
9108443	6036576	39.9161	116.453
9108443	6036587	39.9161	116.453
9108443	6036621	39.9161	116.453
9122424	5678287	39.9189	116.451
9124973	5899266	39.9295	116.446
9131310	4893147	39.8941	116.478
9137846	5282592	39.9325	116.455
9144485	4901027	39.923	116.466
9145216	4936773	39.9329	116.454
915766	4933170	39.9153	116.437
9159254	4906228	39.9072	116.496
9160590	5095766	39.9324	116.453
9171685	4913138	39.893	116.472
9177317	4946750	39.8945	116.463
9177317	5437232	39.8945	116.463
9177582	5021664	39.8936	116.482
9177582	5215361	39.8936	116.482
9177582	5282344	39.8936	116.482
9186602	4972026	39.9145	116.495
9190224	4923756	39.9148	116.491
9196663	4927651	39.8938	116.474
9198051	4944965	39.8829	116.46
9199147	5172558	39.9163	116.453
9208304	4933804	39.9319	116.455
9208304	5292686	39.9319	116.455
9210582	5457826	39.9331	116.453
9213746	4936360	39.9206	116.433
9218132	4938256	39.9064	116.465
9219148	5689041	39.9326	116.455
9219148	5785059	39.9326	116.455
9232791	4947169	39.9056	116.443
9242486	5847039	39.8938	116.479
9248479	4959284	39.9165	116.452
9250585	4957860	39.9107	116.482
926990	4033337	39.8867	116.462
9271837	4974774	39.9243	116.443
9271837	5970682	39.9243	116.443
9279144	4975349	39.9077	116.471
9287898	4979764	39.9077	116.471
9293769	4983055	39.9077	116.471
9293769	5023999	39.9077	116.471
9294783	5024014	39.9189	116.451
9294783	5024021	39.9189	116.451
9294783	5024027	39.9189	116.451
9294783	5024050	39.9189	116.451
9294783	5024077	39.9189	116.451
9303051	4986301	39.9056	116.465
9303051	5739389	39.9056	116.465
9308235	4988888	39.8935	116.481
9312790	4991097	39.9046	116.435
9317961	5109811	39.9327	116.459
9334337	6085556	39.9101	116.479
9335810	5435470	39.9141	116.468
9338691	5212320	39.8943	116.477
9338691	5623674	39.8943	116.477
9339434	5122138	39.8997	116.482
9345339	5010655	39.8979	116.46
9346064	5036726	39.9331	116.457
9348971	5421939	39.9059	116.443
9368285	5054070	39.9077	116.472
9371501	5023252	39.9163	116.453
9371704	5257866	39.915	116.48
9378915	5434766	39.9133	116.471
9383466	6096049	39.9076	116.471
9384781	5953467	39.9177	116.459
9388562	5040839	39.9001	116.493
9390478	5035764	39.9122	116.461
939513	4965556	39.9326	116.448
9396304	5039796	39.9328	116.451
9396304	5355376	39.9328	116.451
9426518	5062118	39.9148	116.491
9432913	5067300	39.9324	116.457
9441865	5080362	39.9219	116.451
9445382	5931382	39.9224	116.449
9446140	5077159	39.9301	116.445
9452043	5080660	39.9328	116.458
9470099	5248413	39.8955	116.465
9470309	5095867	39.9176	116.453
9470309	5105706	39.9176	116.453
9470823	5188126	39.9002	116.492
9472282	6171316	39.919	116.449
9472282	6171340	39.919	116.449
9473398	5098144	39.8941	116.48
9482466	5296280	39.9141	116.436
9484368	5107302	39.8938	116.479
9490639	5111447	39.9242	116.451
9490639	5217457	39.9242	116.451
9491419	5119543	39.9148	116.472
9496872	5118190	39.9322	116.478
9503733	5122591	39.9098	116.496
9521594	6190133	39.9178	116.452
9526156	5152849	39.8839	116.462
9530812	5200197	39.9076	116.471
9530879	5145079	39.9285	116.48
9530879	5276077	39.9285	116.48
9532958	6059756	39.9191	116.451
9538205	5153191	39.9095	116.45
9546397	5260314	39.894	116.481
9546568	5158886	39.8939	116.474
9552650	5164383	39.9329	116.451
9560712	5170732	39.9165	116.452
9571245	5180308	39.894	116.478
9571245	5182864	39.894	116.478
9572136	5181126	39.9258	116.479
9575366	6168468	39.9123	116.461
9587866	5195897	39.8998	116.458
9590297	5205977	39.9053	116.459
9592944	5222078	39.9324	116.453
9593052	5212453	39.9178	116.452
9596043	5202084	39.9349	116.454
9596043	5238534	39.9349	116.454
9596824	6062484	39.894	116.435
9602072	5282699	39.9326	116.455
9611115	5221157	39.8938	116.478
9612350	5217566	39.9055	116.459
9613389	5740897	39.9101	116.471
9621207	5224905	39.8852	116.462
9621317	5225005	39.8942	116.46
9621472	5229328	39.894	116.478
9623072	6104049	39.9329	116.455
9624018	5227768	39.9329	116.453
9626115	5230100	39.9111	116.482
9644190	5246582	39.9323	116.454
9646305	6175738	39.8891	116.465
965048	4596201	39.9187	116.459
9650745	6012187	39.8911	116.464
9651923	5407168	39.9341	116.463
9657237	5258247	39.8942	116.463
9661318	6021166	39.9182	116.453
9666546	5264642	39.9201	116.455
9666546	5275971	39.9201	116.455
9667418	5735122	39.8936	116.481
9673542	5270201	39.9215	116.44
9675276	5272337	39.9123	116.461
9675276	5316754	39.9123	116.461
9675276	5509176	39.9123	116.461
9675276	5525234	39.9123	116.461
9675276	5566653	39.9123	116.461
9681358	5477993	39.9141	116.46
9684420	5292690	39.921	116.434
9686766	5281166	39.9174	116.454
9687369	5305827	39.9091	116.481
9691317	5291149	39.8839	116.462
9699353	5297278	39.9196	116.449
9699353	5311317	39.9196	116.449
9699353	5312911	39.9196	116.449
9703173	5295107	39.9241	116.443
9712123	5956316	39.9142	116.46
9726391	5311425	39.912	116.46
9726391	5311533	39.912	116.46
9726490	5311514	39.9177	116.452
9726490	5415414	39.9177	116.452
9727333	5312147	39.9323	116.454
9728353	5312960	39.9287	116.457
9729564	5576694	39.9285	116.48
9739177	5320552	39.9118	116.461
9739177	5351191	39.9118	116.461
9739177	5359711	39.9118	116.461
9746270	5442047	39.894	116.449
9751502	5328907	39.9222	116.432
9753861	5866421	39.9177	116.485
9771555	5351869	39.9073	116.472
9771555	5839079	39.9073	116.472
977240	3685641	39.9288	116.445
9784865	5507163	39.9076	116.445
9795441	5953942	39.9101	116.479
9796818	5760378	39.919	116.449
9796818	5760388	39.919	116.449
9796818	5760398	39.919	116.449
9800259	5364286	39.9241	116.443
9802775	6099131	39.8944	116.463
9813061	5373161	39.882	116.46
9825654	5382781	39.9165	116.452
9827143	5821017	39.9327	116.451
9831443	5389349	39.9244	116.467
9831448	5385427	39.9244	116.467
9831509	5385525	39.9244	116.467
9831875	5385826	39.9244	116.467
9831976	5385915	39.9174	116.459
9832138	5388546	39.9244	116.467
9837705	5451014	39.8991	116.459
9839781	5391528	39.9244	116.467
9839878	5390984	39.9244	116.467
9845773	6149570	39.9201	116.455
9848287	5397837	39.922	116.439
9850405	6039492	39.9206	116.433
9857973	5404845	39.9244	116.467
9857973	5429065	39.9244	116.467
9857973	6059703	39.9244	116.467
985960	166797	39.9323	116.455
9865687	5409698	39.9077	116.464
9865687	5410906	39.9077	116.464
9866706	5814412	39.9244	116.467
9867355	6063698	39.9224	116.433
9869947	5413128	39.9229	116.441
9870431	5413553	39.9109	116.456
9873053	5414957	39.9321	116.459
9874838	5422154	39.914	116.457
987629	4138027	39.9286	116.48
9876721	5416890	39.8871	116.462
987688	3381897	39.894	116.478
9878670	5418260	39.9201	116.455
9893610	5428116	39.9244	116.467
989393	742698	39.8948	116.46
9894273	5428578	39.9294	116.447
9894438	5428725	39.9244	116.467
9894438	5490904	39.9244	116.467
9897616	5431258	39.8914	116.465
9897616	5431699	39.8914	116.465
9897616	5464946	39.8914	116.465
9904049	5435756	39.9131	116.473
9908760	5438897	39.8939	116.434
9919959	5522690	39.9318	116.479
9920622	5705802	39.9	116.459
9922096	5447886	39.9169	116.451
9922096	5479300	39.9169	116.451
9922096	5804562	39.9169	116.451
9929661	5452827	39.9324	116.451
9942190	5587363	39.8995	116.493
9947522	5464453	39.9173	116.44
9956320	5470233	39.884	116.454
9969968	5478644	39.9159	116.495
9970456	5487153	39.9198	116.448
9975007	5572741	39.9075	116.464
9975007	5873711	39.9075	116.464
9976230	5870000	39.9223	116.442
9976230	5927916	39.9223	116.442
9982656	5485989	39.9331	116.453
9986598	5919319	39.8938	116.48
9987266	5487838	39.9236	116.439
